A7 A6 A5 A4    A3 A2 A1 A0
 0  0  0  0     0  0  0  0 0x00
 0  0  0  0     0  0  0  1
 0  0  0  0     0  0  1  0
 0  0  0  0     0  0  1  1
 0  0  0  0     0  1  0  0
 0  0  0  0     0  1  0  1
 0  0  0  0     0  1  1  0
 0  0  0  0     0  1  1  1 0x07
 0  0  0  0     1  0  0  0 0x08
 0  0  0  0     1  0  0  1
 0  0  0  0     1  0  1  0
 0  0  0  0     1  0  1  1
 0  0  0  0     1  1  0  0
 0  0  0  0     1  1  0  1
 0  0  0  0     1  1  1  0
 0  0  0  0     1  1  1  1 0x0F
 0  0  0  1     0  0  0  0 0x10
 0  0  0  1     0  0  0  1
 0  0  0  1     0  0  1  0
 0  0  0  1     0  0  1  1
 0  0  0  1     0  1  0  0
 0  0  0  1     0  1  0  1
 0  0  0  1     0  1  1  0
 0  0  0  1     0  1  1  1 0x17
 0  0  0  1     1  0  0  0 0x18
 0  0  0  1     1  0  0  1
 0  0  0  1     1  0  1  0
 0  0  0  1     1  0  1  1
 0  0  0  1     1  1  0  0
 0  0  0  1     1  1  0  1
 0  0  0  1     1  1  1  0
 0  0  0  1     1  1  1  1 0x1F
 0  0  1  0     0  0  0  0 0x20
 0  0  1  0     0  0  0  1
 0  0  1  0     0  0  1  0
 0  0  1  0     0  0  1  1
 0  0  1  0     0  1  0  0
 0  0  1  0     0  1  0  1
 0  0  1  0     0  1  1  0
 0  0  1  0     0  1  1  1 0x27
 0  0  1  0     1  0  0  0 0x28
 0  0  1  0     1  0  0  1
 0  0  1  0     1  0  1  0
 0  0  1  0     1  0  1  1
 0  0  1  0     1  1  0  0
 0  0  1  0     1  1  0  1
 0  0  1  0     1  1  1  0
 0  0  1  0     1  1  1  1 0x2F
 0  0  1  1     0  0  0  0 0x30
 0  0  1  1     0  0  0  1
 0  0  1  1     0  0  1  0
 0  0  1  1     0  0  1  1
 0  0  1  1     0  1  0  0
 0  0  1  1     0  1  0  1
 0  0  1  1     0  1  1  0
 0  0  1  1     0  1  1  1 0x37
 0  0  1  1     1  0  0  0 0x38
 0  0  1  1     1  0  0  1
 0  0  1  1     1  0  1  0
 0  0  1  1     1  0  1  1
 0  0  1  1     1  1  0  0
 0  0  1  1     1  1  0  1
 0  0  1  1     1  1  1  0
 0  0  1  1     1  1  1  1 0x3F
 0  1  0  0     0  0  0  0 0x40
 0  1  0  0     0  0  0  1
 0  1  0  0     0  0  1  0
 0  1  0  0     0  0  1  1
 0  1  0  0     0  1  0  0
 0  1  0  0     0  1  0  1
 0  1  0  0     0  1  1  0
 0  1  0  0     0  1  1  1 0x47
 0  1  0  0     1  0  0  0 0x48
 0  1  0  0     1  0  0  1
 0  1  0  0     1  0  1  0
 0  1  0  0     1  0  1  1
 0  1  0  0     1  1  0  0
 0  1  0  0     1  1  0  1
 0  1  0  0     1  1  1  0
 0  1  0  0     1  1  1  1 0x4F
 0  1  0  1     0  0  0  0 0x50
 0  1  0  1     0  0  0  1
 0  1  0  1     0  0  1  0
 0  1  0  1     0  0  1  1
 0  1  0  1     0  1  0  0
 0  1  0  1     0  1  0  1
 0  1  0  1     0  1  1  0
 0  1  0  1     0  1  1  1 0x57
 0  1  0  1     1  0  0  0 0x58
 0  1  0  1     1  0  0  1
 0  1  0  1     1  0  1  0
 0  1  0  1     1  0  1  1
 0  1  0  1     1  1  0  0
 0  1  0  1     1  1  0  1
 0  1  0  1     1  1  1  0
 0  1  0  1     1  1  1  1 0x5F
 0  1  1  0     0  0  0  0 0x60
 0  1  1  0     0  0  0  1
 0  1  1  0     0  0  1  0
 0  1  1  0     0  0  1  1
 0  1  1  0     0  1  0  0
 0  1  1  0     0  1  0  1
 0  1  1  0     0  1  1  0
 0  1  1  0     0  1  1  1 0x67
 0  1  1  0     1  0  0  0 0x68
 0  1  1  0     1  0  0  1
 0  1  1  0     1  0  1  0
 0  1  1  0     1  0  1  1
 0  1  1  0     1  1  0  0
 0  1  1  0     1  1  0  1
 0  1  1  0     1  1  1  0
 0  1  1  0     1  1  1  1 0x6F
 0  1  1  1     0  0  0  0 0x70
 0  1  1  1     0  0  0  1
 0  1  1  1     0  0  1  0
 0  1  1  1     0  0  1  1
 0  1  1  1     0  1  0  0
 0  1  1  1     0  1  0  1
 0  1  1  1     0  1  1  0
 0  1  1  1     0  1  1  1 0x77
 0  1  1  1     1  0  0  0 0x78
 0  1  1  1     1  0  0  1
 0  1  1  1     1  0  1  0
 0  1  1  1     1  0  1  1
 0  1  1  1     1  1  0  0
 0  1  1  1     1  1  0  1
 0  1  1  1     1  1  1  0
 0  1  1  1     1  1  1  1 0x7F
 1  0  0  0     0  0  0  0 0x80
 1  0  0  0     0  0  0  1
 1  0  0  0     0  0  1  0
 1  0  0  0     0  0  1  1
 1  0  0  0     0  1  0  0
 1  0  0  0     0  1  0  1
 1  0  0  0     0  1  1  0
 1  0  0  0     0  1  1  1 0x87
 1  0  0  0     1  0  0  0 0x88
 1  0  0  0     1  0  0  1
 1  0  0  0     1  0  1  0
 1  0  0  0     1  0  1  1
 1  0  0  0     1  1  0  0
 1  0  0  0     1  1  0  1
 1  0  0  0     1  1  1  0
 1  0  0  0     1  1  1  1 0x8F
 1  0  0  1     0  0  0  0 0x90
 1  0  0  1     0  0  0  1
 1  0  0  1     0  0  1  0
 1  0  0  1     0  0  1  1
 1  0  0  1     0  1  0  0
 1  0  0  1     0  1  0  1
 1  0  0  1     0  1  1  0
 1  0  0  1     0  1  1  1 0x97
 1  0  0  1     1  0  0  0 0x98
 1  0  0  1     1  0  0  1
 1  0  0  1     1  0  1  0
 1  0  0  1     1  0  1  1
 1  0  0  1     1  1  0  0
 1  0  0  1     1  1  0  1
 1  0  0  1     1  1  1  0
 1  0  0  1     1  1  1  1 0x9F
 1  0  1  0     0  0  0  0 0xA0
 1  0  1  0     0  0  0  1
 1  0  1  0     0  0  1  0
 1  0  1  0     0  0  1  1
 1  0  1  0     0  1  0  0
 1  0  1  0     0  1  0  1
 1  0  1  0     0  1  1  0
 1  0  1  0     0  1  1  1 0xA7
 1  0  1  0     1  0  0  0 0xA8
 1  0  1  0     1  0  0  1
 1  0  1  0     1  0  1  0
 1  0  1  0     1  0  1  1
 1  0  1  0     1  1  0  0
 1  0  1  0     1  1  0  1
 1  0  1  0     1  1  1  0
 1  0  1  0     1  1  1  1 0xAF
 1  0  1  1     0  0  0  0 0xB0
 1  0  1  1     0  0  0  1
 1  0  1  1     0  0  1  0
 1  0  1  1     0  0  1  1
 1  0  1  1     0  1  0  0
 1  0  1  1     0  1  0  1
 1  0  1  1     0  1  1  0
 1  0  1  1     0  1  1  1 0xB7
 1  0  1  1     1  0  0  0 0xB8
 1  0  1  1     1  0  0  1
 1  0  1  1     1  0  1  0
 1  0  1  1     1  0  1  1
 1  0  1  1     1  1  0  0
 1  0  1  1     1  1  0  1
 1  0  1  1     1  1  1  0
 1  0  1  1     1  1  1  1 0xBF
 1  1  0  0     0  0  0  0 0xC0
 1  1  0  0     0  0  0  1
 1  1  0  0     0  0  1  0
 1  1  0  0     0  0  1  1
 1  1  0  0     0  1  0  0
 1  1  0  0     0  1  0  1
 1  1  0  0     0  1  1  0
 1  1  0  0     0  1  1  1 0xC7
 1  1  0  0     1  0  0  0 0xC8
 1  1  0  0     1  0  0  1
 1  1  0  0     1  0  1  0
 1  1  0  0     1  0  1  1
 1  1  0  0     1  1  0  0
 1  1  0  0     1  1  0  1
 1  1  0  0     1  1  1  0
 1  1  0  0     1  1  1  1 0xCF
 1  1  0  1     0  0  0  0 0xD0
 1  1  0  1     0  0  0  1
 1  1  0  1     0  0  1  0
 1  1  0  1     0  0  1  1
 1  1  0  1     0  1  0  0
 1  1  0  1     0  1  0  1
 1  1  0  1     0  1  1  0
 1  1  0  1     0  1  1  1 0xD7
 1  1  0  1     1  0  0  0 0xD8
 1  1  0  1     1  0  0  1
 1  1  0  1     1  0  1  0
 1  1  0  1     1  0  1  1
 1  1  0  1     1  1  0  0
 1  1  0  1     1  1  0  1
 1  1  0  1     1  1  1  0
 1  1  0  1     1  1  1  1 0xDF
 1  1  1  0     0  0  0  0 0xE0
 1  1  1  0     0  0  0  1
 1  1  1  0     0  0  1  0
 1  1  1  0     0  0  1  1
 1  1  1  0     0  1  0  0
 1  1  1  0     0  1  0  1
 1  1  1  0     0  1  1  0
 1  1  1  0     0  1  1  1 0xE7
 1  1  1  0     1  0  0  0 0xE8
 1  1  1  0     1  0  0  1
 1  1  1  0     1  0  1  0
 1  1  1  0     1  0  1  1
 1  1  1  0     1  1  0  0
 1  1  1  0     1  1  0  1
 1  1  1  0     1  1  1  0
 1  1  1  0     1  1  1  1 0xEF
 1  1  1  1     0  0  0  0 0xF0
 1  1  1  1     0  0  0  1
 1  1  1  1     0  0  1  0
 1  1  1  1     0  0  1  1
 1  1  1  1     0  1  0  0
 1  1  1  1     0  1  0  1
 1  1  1  1     0  1  1  0
 1  1  1  1     0  1  1  1 0xF7
 1  1  1  1     1  0  0  0 0xF8
 1  1  1  1     1  0  0  1
 1  1  1  1     1  0  1  0
 1  1  1  1     1  0  1  1
 1  1  1  1     1  1  0  0
 1  1  1  1     1  1  0  1
 1  1  1  1     1  1  1  0
 1  1  1  1     1  1  1  1 0xFF

A7 A6 A5 A4    A3 A2 A1 A0
 0  0  0  0     0  0  0  0 0x00
 0  0  0  0     0  1  1  1 0x07
 0  0  0  0     1  0  0  0 0x08
 0  0  0  0     1  1  1  1 0x0F
 0  0  0  1     0  0  0  0 0x10
 0  0  0  1     0  1  1  1 0x17
 0  0  0  1     1  0  0  0 0x18
 0  0  0  1     1  1  1  1 0x1F
 0  0  1  0     0  0  0  0 0x20
 0  0  1  0     0  1  1  1 0x27
 0  0  1  0     1  0  0  0 0x28
 0  0  1  0     1  1  1  1 0x2F
 0  0  1  1     0  0  0  0 0x30
 0  0  1  1     0  1  1  1 0x37
 0  0  1  1     1  0  0  0 0x38
 0  0  1  1     1  1  1  1 0x3F
 0  1  0  0     0  0  0  0 0x40
 0  1  0  0     0  1  1  1 0x47
 0  1  0  0     1  0  0  0 0x48
 0  1  0  0     1  1  1  1 0x4F
 0  1  0  1     0  0  0  0 0x50
 0  1  0  1     0  1  1  1 0x57
 0  1  0  1     1  0  0  0 0x58
 0  1  0  1     1  1  1  1 0x5F
 0  1  1  0     0  0  0  0 0x60
 0  1  1  0     0  1  1  1 0x67
 0  1  1  0     1  0  0  0 0x68
 0  1  1  0     1  1  1  1 0x6F
 0  1  1  1     0  0  0  0 0x70
 0  1  1  1     0  1  1  1 0x77
 0  1  1  1     1  0  0  0 0x78
 0  1  1  1     1  1  1  1 0x7F
 1  0  0  0     0  0  0  0 0x80
 1  0  0  0     0  1  1  1 0x87
 1  0  0  0     1  0  0  0 0x88
 1  0  0  0     1  1  1  1 0x8F
 1  0  0  1     0  0  0  0 0x90
 1  0  0  1     0  1  1  1 0x97
 1  0  0  1     1  0  0  0 0x98
 1  0  0  1     1  1  1  1 0x9F
 1  0  1  0     0  0  0  0 0xA0
 1  0  1  0     0  1  1  1 0xA7
 1  0  1  0     1  0  0  0 0xA8
 1  0  1  0     1  1  1  1 0xAF
 1  0  1  1     0  0  0  0 0xB0
 1  0  1  1     0  1  1  1 0xB7
 1  0  1  1     1  0  0  0 0xB8
 1  0  1  1     1  1  1  1 0xBF
 1  1  0  0     0  0  0  0 0xC0
 1  1  0  0     0  1  1  1 0xC7
 1  1  0  0     1  0  0  0 0xC8
 1  1  0  0     1  1  1  1 0xCF
 1  1  0  1     0  0  0  0 0xD0
 1  1  0  1     0  1  1  1 0xD7
 1  1  0  1     1  0  0  0 0xD8
 1  1  0  1     1  1  1  1 0xDF
 1  1  1  0     0  0  0  0 0xE0
 1  1  1  0     0  1  1  1 0xE7
 1  1  1  0     1  0  0  0 0xE8
 1  1  1  0     1  1  1  1 0xEF
 1  1  1  1     0  0  0  0 0xF0
 1  1  1  1     0  1  1  1 0xF7
 1  1  1  1     1  0  0  0 0xF8
 1  1  1  1     1  1  1  1 0xFF

 Area de I/O
 B800 = 1011 1000 0000 0000
 B8FF = 1011 1000 1111 1111


 0000 <-> 7FFF : RAM
 8000 <-> FEFF : ROM
 FF00 <-> FFF7 : IO
 FFF8 <-> FFFF : RESET VECTOR












