

A15   A14   A13   A12 |  A11   A10   A09   A08 |  A07 A06 A05 A04 |  A03 A02 A01 A00
  ---------------------------------------------------------------FF0x
  1     1     1     1      1     1     1     1      0   0   0   0
  1     1     1     1      1     1     1     1      0   0   0   0
  1     1     1     1      1     1     1     1      0   0   0   0
  1     1     1     1      1     1     1     1      0   0   0   0
  1     1     1     1      1     1     1     1      0   0   0   0
  1     1     1     1      1     1     1     1      0   0   0   0
  1     1     1     1      1     1     1     1      0   0   0   0
  1     1     1     1      1     1     1     1      0   0   0   0
  ---------------------------------------------------------------
  1     1     1     1      1     1     1     1      0   0   0   0
  1     1     1     1      1     1     1     1      0   0   0   0
  1     1     1     1      1     1     1     1      0   0   0   0
  1     1     1     1      1     1     1     1      0   0   0   0
  1     1     1     1      1     1     1     1      0   0   0   0
  1     1     1     1      1     1     1     1      0   0   0   0
  1     1     1     1      1     1     1     1      0   0   0   0
  1     1     1     1      1     1     1     1      0   0   0   0
  ---------------------------------------------------------------FF1x
  1     1     1     1      1     1     1     1      0   0   0   1
  1     1     1     1      1     1     1     1      0   0   0   1
  1     1     1     1      1     1     1     1      0   0   0   1
  1     1     1     1      1     1     1     1      0   0   0   1
  1     1     1     1      1     1     1     1      0   0   0   1
  1     1     1     1      1     1     1     1      0   0   0   1
  1     1     1     1      1     1     1     1      0   0   0   1
  1     1     1     1      1     1     1     1      0   0   0   1
  ---------------------------------------------------------------
  1     1     1     1      1     1     1     1      0   0   0   1
  1     1     1     1      1     1     1     1      0   0   0   1
  1     1     1     1      1     1     1     1      0   0   0   1
  1     1     1     1      1     1     1     1      0   0   0   1
  1     1     1     1      1     1     1     1      0   0   0   1
  1     1     1     1      1     1     1     1      0   0   0   1
  1     1     1     1      1     1     1     1      0   0   0   1
  1     1     1     1      1     1     1     1      0   0   0   1
  ---------------------------------------------------------------FF2x
  1     1     1     1      1     1     1     1      0   0   1   0
  1     1     1     1      1     1     1     1      0   0   1   0
  1     1     1     1      1     1     1     1      0   0   1   0
  1     1     1     1      1     1     1     1      0   0   1   0
  1     1     1     1      1     1     1     1      0   0   1   0
  1     1     1     1      1     1     1     1      0   0   1   0
  1     1     1     1      1     1     1     1      0   0   1   0
  1     1     1     1      1     1     1     1      0   0   1   0
  ---------------------------------------------------------------
  1     1     1     1      1     1     1     1      0   0   1   0
  1     1     1     1      1     1     1     1      0   0   1   0
  1     1     1     1      1     1     1     1      0   0   1   0
  1     1     1     1      1     1     1     1      0   0   1   0
  1     1     1     1      1     1     1     1      0   0   1   0
  1     1     1     1      1     1     1     1      0   0   1   0
  1     1     1     1      1     1     1     1      0   0   1   0
  1     1     1     1      1     1     1     1      0   0   1   0
  ---------------------------------------------------------------FF3x
  1     1     1     1      1     1     1     1      0   0   1   1
  1     1     1     1      1     1     1     1      0   0   1   1
  1     1     1     1      1     1     1     1      0   0   1   1
  1     1     1     1      1     1     1     1      0   0   1   1
  1     1     1     1      1     1     1     1      0   0   1   1
  1     1     1     1      1     1     1     1      0   0   1   1
  1     1     1     1      1     1     1     1      0   0   1   1
  1     1     1     1      1     1     1     1      0   0   1   1
  ---------------------------------------------------------------
  1     1     1     1      1     1     1     1      0   0   1   1
  1     1     1     1      1     1     1     1      0   0   1   1
  1     1     1     1      1     1     1     1      0   0   1   1
  1     1     1     1      1     1     1     1      0   0   1   1
  1     1     1     1      1     1     1     1      0   0   1   1
  1     1     1     1      1     1     1     1      0   0   1   1
  1     1     1     1      1     1     1     1      0   0   1   1
  1     1     1     1      1     1     1     1      0   0   1   1
  ---------------------------------------------------------------FF4x
  1     1     1     1      1     1     1     1      0   1   0   0
  1     1     1     1      1     1     1     1      0   1   0   0
  1     1     1     1      1     1     1     1      0   1   0   0
  1     1     1     1      1     1     1     1      0   1   0   0
  1     1     1     1      1     1     1     1      0   1   0   0
  1     1     1     1      1     1     1     1      0   1   0   0
  1     1     1     1      1     1     1     1      0   1   0   0
  1     1     1     1      1     1     1     1      0   1   0   0
  ---------------------------------------------------------------
  1     1     1     1      1     1     1     1      0   1   0   0
  1     1     1     1      1     1     1     1      0   1   0   0
  1     1     1     1      1     1     1     1      0   1   0   0
  1     1     1     1      1     1     1     1      0   1   0   0
  1     1     1     1      1     1     1     1      0   1   0   0
  1     1     1     1      1     1     1     1      0   1   0   0
  1     1     1     1      1     1     1     1      0   1   0   0
  1     1     1     1      1     1     1     1      0   1   0   0
  ---------------------------------------------------------------FF5x
  1     1     1     1      1     1     1     1      0   1   0   1
  1     1     1     1      1     1     1     1      0   1   0   1
  1     1     1     1      1     1     1     1      0   1   0   1
  1     1     1     1      1     1     1     1      0   1   0   1
  1     1     1     1      1     1     1     1      0   1   0   1
  1     1     1     1      1     1     1     1      0   1   0   1
  1     1     1     1      1     1     1     1      0   1   0   1
  1     1     1     1      1     1     1     1      0   1   0   1
  ---------------------------------------------------------------
  1     1     1     1      1     1     1     1      0   1   0   1
  1     1     1     1      1     1     1     1      0   1   0   1
  1     1     1     1      1     1     1     1      0   1   0   1
  1     1     1     1      1     1     1     1      0   1   0   1
  1     1     1     1      1     1     1     1      0   1   0   1
  1     1     1     1      1     1     1     1      0   1   0   1
  1     1     1     1      1     1     1     1      0   1   0   1
  1     1     1     1      1     1     1     1      0   1   0   1
  ---------------------------------------------------------------FF6x
  1     1     1     1      1     1     1     1      0   1   1   0
  1     1     1     1      1     1     1     1      0   1   1   0
  1     1     1     1      1     1     1     1      0   1   1   0
  1     1     1     1      1     1     1     1      0   1   1   0
  1     1     1     1      1     1     1     1      0   1   1   0
  1     1     1     1      1     1     1     1      0   1   1   0
  1     1     1     1      1     1     1     1      0   1   1   0
  1     1     1     1      1     1     1     1      0   1   1   0
  ---------------------------------------------------------------
  1     1     1     1      1     1     1     1      0   1   1   0
  1     1     1     1      1     1     1     1      0   1   1   0
  1     1     1     1      1     1     1     1      0   1   1   0
  1     1     1     1      1     1     1     1      0   1   1   0
  1     1     1     1      1     1     1     1      0   1   1   0
  1     1     1     1      1     1     1     1      0   1   1   0
  1     1     1     1      1     1     1     1      0   1   1   0
  1     1     1     1      1     1     1     1      0   1   1   0
  ---------------------------------------------------------------FF7x
  1     1     1     1      1     1     1     1      0   1   1   1
  1     1     1     1      1     1     1     1      0   1   1   1
  1     1     1     1      1     1     1     1      0   1   1   1
  1     1     1     1      1     1     1     1      0   1   1   1
  1     1     1     1      1     1     1     1      0   1   1   1
  1     1     1     1      1     1     1     1      0   1   1   1
  1     1     1     1      1     1     1     1      0   1   1   1
  1     1     1     1      1     1     1     1      0   1   1   1
  ---------------------------------------------------------------
  1     1     1     1      1     1     1     1      0   1   1   1
  1     1     1     1      1     1     1     1      0   1   1   1
  1     1     1     1      1     1     1     1      0   1   1   1
  1     1     1     1      1     1     1     1      0   1   1   1
  1     1     1     1      1     1     1     1      0   1   1   1
  1     1     1     1      1     1     1     1      0   1   1   1
  1     1     1     1      1     1     1     1      0   1   1   1
  1     1     1     1      1     1     1     1      0   1   1   1
  ---------------------------------------------------------------FF8x
  1     1     1     1      1     1     1     1      1   0   0   0
  1     1     1     1      1     1     1     1      1   0   0   0
  1     1     1     1      1     1     1     1      1   0   0   0
  1     1     1     1      1     1     1     1      1   0   0   0
  1     1     1     1      1     1     1     1      1   0   0   0
  1     1     1     1      1     1     1     1      1   0   0   0
  1     1     1     1      1     1     1     1      1   0   0   0
  1     1     1     1      1     1     1     1      1   0   0   0
  ---------------------------------------------------------------
  1     1     1     1      1     1     1     1      1   0   0   0
  1     1     1     1      1     1     1     1      1   0   0   0
  1     1     1     1      1     1     1     1      1   0   0   0
  1     1     1     1      1     1     1     1      1   0   0   0
  1     1     1     1      1     1     1     1      1   0   0   0
  1     1     1     1      1     1     1     1      1   0   0   0
  1     1     1     1      1     1     1     1      1   0   0   0
  1     1     1     1      1     1     1     1      1   0   0   0
  ---------------------------------------------------------------FF9x
  1     1     1     1      1     1     1     1      1   0   0   1
  1     1     1     1      1     1     1     1      1   0   0   1
  1     1     1     1      1     1     1     1      1   0   0   1
  1     1     1     1      1     1     1     1      1   0   0   1
  1     1     1     1      1     1     1     1      1   0   0   1
  1     1     1     1      1     1     1     1      1   0   0   1
  1     1     1     1      1     1     1     1      1   0   0   1
  1     1     1     1      1     1     1     1      1   0   0   1
  ---------------------------------------------------------------
  1     1     1     1      1     1     1     1      1   0   0   1
  1     1     1     1      1     1     1     1      1   0   0   1
  1     1     1     1      1     1     1     1      1   0   0   1
  1     1     1     1      1     1     1     1      1   0   0   1
  1     1     1     1      1     1     1     1      1   0   0   1
  1     1     1     1      1     1     1     1      1   0   0   1
  1     1     1     1      1     1     1     1      1   0   0   1
  1     1     1     1      1     1     1     1      1   0   0   1
  ---------------------------------------------------------------FFAx
  1     1     1     1      1     1     1     1      1   0   1   0
  1     1     1     1      1     1     1     1      1   0   1   0
  1     1     1     1      1     1     1     1      1   0   1   0
  1     1     1     1      1     1     1     1      1   0   1   0
  1     1     1     1      1     1     1     1      1   0   1   0
  1     1     1     1      1     1     1     1      1   0   1   0
  1     1     1     1      1     1     1     1      1   0   1   0
  1     1     1     1      1     1     1     1      1   0   1   0
  ---------------------------------------------------------------
  1     1     1     1      1     1     1     1      1   0   1   0
  1     1     1     1      1     1     1     1      1   0   1   0
  1     1     1     1      1     1     1     1      1   0   1   0
  1     1     1     1      1     1     1     1      1   0   1   0
  1     1     1     1      1     1     1     1      1   0   1   0
  1     1     1     1      1     1     1     1      1   0   1   0
  1     1     1     1      1     1     1     1      1   0   1   0
  1     1     1     1      1     1     1     1      1   0   1   0
  ---------------------------------------------------------------FFBx
  1     1     1     1      1     1     1     1      1   0   1   1
  1     1     1     1      1     1     1     1      1   0   1   1
  1     1     1     1      1     1     1     1      1   0   1   1
  1     1     1     1      1     1     1     1      1   0   1   1
  1     1     1     1      1     1     1     1      1   0   1   1
  1     1     1     1      1     1     1     1      1   0   1   1
  1     1     1     1      1     1     1     1      1   0   1   1
  1     1     1     1      1     1     1     1      1   0   1   1
  ---------------------------------------------------------------
  1     1     1     1      1     1     1     1      1   0   1   1
  1     1     1     1      1     1     1     1      1   0   1   1
  1     1     1     1      1     1     1     1      1   0   1   1
  1     1     1     1      1     1     1     1      1   0   1   1
  1     1     1     1      1     1     1     1      1   0   1   1
  1     1     1     1      1     1     1     1      1   0   1   1
  1     1     1     1      1     1     1     1      1   0   1   1
  1     1     1     1      1     1     1     1      1   0   1   1
  ---------------------------------------------------------------FFCx
  1     1     1     1      1     1     1     1      1   1   0   0
  1     1     1     1      1     1     1     1      1   1   0   0
  1     1     1     1      1     1     1     1      1   1   0   0
  1     1     1     1      1     1     1     1      1   1   0   0
  1     1     1     1      1     1     1     1      1   1   0   0
  1     1     1     1      1     1     1     1      1   1   0   0
  1     1     1     1      1     1     1     1      1   1   0   0
  1     1     1     1      1     1     1     1      1   1   0   0
  ---------------------------------------------------------------
  1     1     1     1      1     1     1     1      1   1   0   0
  1     1     1     1      1     1     1     1      1   1   0   0
  1     1     1     1      1     1     1     1      1   1   0   0
  1     1     1     1      1     1     1     1      1   1   0   0
  1     1     1     1      1     1     1     1      1   1   0   0
  1     1     1     1      1     1     1     1      1   1   0   0
  1     1     1     1      1     1     1     1      1   1   0   0
  1     1     1     1      1     1     1     1      1   1   0   0
  ---------------------------------------------------------------FFDx
  1     1     1     1      1     1     1     1      1   1   0   1
  1     1     1     1      1     1     1     1      1   1   0   1
  1     1     1     1      1     1     1     1      1   1   0   1
  1     1     1     1      1     1     1     1      1   1   0   1
  1     1     1     1      1     1     1     1      1   1   0   1
  1     1     1     1      1     1     1     1      1   1   0   1
  1     1     1     1      1     1     1     1      1   1   0   1
  1     1     1     1      1     1     1     1      1   1   0   1
  ---------------------------------------------------------------
  1     1     1     1      1     1     1     1      1   1   0   1
  1     1     1     1      1     1     1     1      1   1   0   1
  1     1     1     1      1     1     1     1      1   1   0   1
  1     1     1     1      1     1     1     1      1   1   0   1
  1     1     1     1      1     1     1     1      1   1   0   1
  1     1     1     1      1     1     1     1      1   1   0   1
  1     1     1     1      1     1     1     1      1   1   0   1
  1     1     1     1      1     1     1     1      1   1   0   1
  ---------------------------------------------------------------FFEx
  1     1     1     1      1     1     1     1      1   1   1   0
  1     1     1     1      1     1     1     1      1   1   1   0
  1     1     1     1      1     1     1     1      1   1   1   0
  1     1     1     1      1     1     1     1      1   1   1   0
  1     1     1     1      1     1     1     1      1   1   1   0
  1     1     1     1      1     1     1     1      1   1   1   0
  1     1     1     1      1     1     1     1      1   1   1   0
  1     1     1     1      1     1     1     1      1   1   1   0
  ---------------------------------------------------------------
  1     1     1     1      1     1     1     1      1   1   1   0
  1     1     1     1      1     1     1     1      1   1   1   0
  1     1     1     1      1     1     1     1      1   1   1   0
  1     1     1     1      1     1     1     1      1   1   1   0
  1     1     1     1      1     1     1     1      1   1   1   0
  1     1     1     1      1     1     1     1      1   1   1   0
  1     1     1     1      1     1     1     1      1   1   1   0
  1     1     1     1      1     1     1     1      1   1   1   0
  ---------------------------------------------------------------FFFx
  1     1     1     1      1     1     1     1      1   1   1   1
  1     1     1     1      1     1     1     1      1   1   1   1
  1     1     1     1      1     1     1     1      1   1   1   1
  1     1     1     1      1     1     1     1      1   1   1   1
  1     1     1     1      1     1     1     1      1   1   1   1
  1     1     1     1      1     1     1     1      1   1   1   1
  1     1     1     1      1     1     1     1      1   1   1   1
  1     1     1     1      1     1     1     1      1   1   1   1
  --------------------------------------------------------------- FFFx
  1     1     1     1      1     1     1     1      1   1   1   1
  1     1     1     1      1     1     1     1      1   1   1   1
  1     1     1     1      1     1     1     1      1   1   1   1
  1     1     1     1      1     1     1     1      1   1   1   1
  1     1     1     1      1     1     1     1      1   1   1   1
  1     1     1     1      1     1     1     1      1   1   1   1
  1     1     1     1      1     1     1     1      1   1   1   1
  1     1     1     1      1     1     1     1      1   1   1   1
  ---------------------------------------------------------------
